07/19/23,Unnamed: 0,Unnamed: 1,Unnamed: 2
,Opened,stacey_gilbert@alumni.baylor...,--
04:54PM,,,
